tmp0 = x2(4);
tmp1 = x2(6);
tmp2 = x2(5);
tmp3 = x2(7);
tmp4 = so(1);
tmp5 = tmp2*tmp1;
tmp6 = so(3);
tmp7 = so(2);
tmp8 = (tmp0)^(2);
tmp9 = (tmp2)^(2);
tmp10 = (tmp1)^(2);
tmp11 = (tmp3)^(2);
tmp12 = -tmp11;
tmp13 = tmp2*tmp3;
tmp14 = tmp1*tmp3;
tmp15 = -tmp9;
tmp16 = -tmp10;
tmp17 = qos(2);
tmp18 = qos(1);
tmp19 = qos(4);
tmp20 = qos(3);
tmp21 = x1(4);
tmp22 = x1(7);
tmp23 = x2(3);
tmp24 = x1(5);
tmp25 = x1(6);
tmp26 = x2(1);
tmp27 = tmp0*tmp1;
tmp28 = tmp27 + tmp13;
tmp29 = x2(2);
tmp30 = tmp0*tmp2;
tmp31 = x1(1);
tmp32 = -(tmp0*tmp3);
tmp33 = tmp5 + tmp32;
tmp34 = x1(3);
tmp35 = tmp30 + tmp14;
tmp36 = x1(2);
tmp37 = -tmp29;
tmp38 = tmp36 + tmp37;
tmp39 = 2*tmp9;
tmp40 = tmp0*tmp3;
tmp41 = tmp5 + tmp40;
tmp42 = -tmp23;
tmp43 = tmp34 + tmp42;
tmp44 = -tmp26;
tmp45 = tmp31 + tmp44;
tmp46 = 2*tmp10;
tmp47 = 2*tmp11;
tmp48 = 1/Dt12;
tmp49 = 2*tmp7*tmp24*tmp0;
tmp50 = -2*tmp4*tmp25*tmp0;
tmp51 = -2*tmp7*tmp21*tmp2;
tmp52 = -2*tmp4*tmp22*tmp2;
tmp53 = 2*tmp4*tmp21*tmp1;
tmp54 = -2*tmp7*tmp22*tmp1;
tmp55 = -1 + tmp39 + tmp46;
tmp56 = -(tmp43*tmp55);
tmp57 = 2*tmp4*tmp24*tmp3;
tmp58 = 2*tmp7*tmp25*tmp3;
tmp59 = 2*tmp45*tmp28;
tmp60 = -(tmp1*tmp3);
tmp61 = tmp30 + tmp60;
tmp62 = -2*tmp38*tmp61;
tmp63 = tmp49 + tmp50 + tmp51 + tmp52 + tmp53 + tmp54 + tmp56 + tmp57 + tmp58 + tmp59 + tmp62;
tmp64 = (tmp19)^(2);
tmp65 = -2*tmp64;
tmp66 = 2*tmp6*tmp24*tmp0;
tmp67 = -2*tmp4*tmp22*tmp0;
tmp68 = -2*tmp6*tmp21*tmp2;
tmp69 = 2*tmp4*tmp25*tmp2;
tmp70 = -2*tmp4*tmp24*tmp1;
tmp71 = -2*tmp6*tmp22*tmp1;
tmp72 = 2*tmp4*tmp21*tmp3;
tmp73 = 2*tmp6*tmp25*tmp3;
tmp74 = -tmp31;
tmp75 = tmp74 + tmp26;
tmp76 = 2*tmp75*tmp33;
tmp77 = -tmp34;
tmp78 = tmp77 + tmp23;
tmp79 = 2*tmp78*tmp35;
tmp80 = -1 + tmp39 + tmp47;
tmp81 = tmp38*tmp80;
tmp82 = tmp66 + tmp67 + tmp68 + tmp69 + tmp70 + tmp71 + tmp72 + tmp73 + tmp76 + tmp79 + tmp81;
tmp83 = tmp17*tmp20;
tmp84 = 2*tmp6*tmp25*tmp0;
tmp85 = -2*tmp7*tmp22*tmp0;
tmp86 = 2*tmp7*tmp25*tmp2;
tmp87 = 2*tmp6*tmp22*tmp2;
tmp88 = -2*tmp6*tmp21*tmp1;
tmp89 = -2*tmp7*tmp24*tmp1;
tmp90 = 2*tmp7*tmp21*tmp3;
tmp91 = -2*tmp6*tmp24*tmp3;
tmp92 = 2*tmp38*tmp41;
tmp93 = -(tmp2*tmp3);
tmp94 = tmp27 + tmp93;
tmp95 = -2*tmp43*tmp94;
tmp96 = -1 + tmp46 + tmp47;
tmp97 = -(tmp45*tmp96);
tmp98 = tmp84 + tmp85 + tmp86 + tmp87 + tmp88 + tmp89 + tmp90 + tmp91 + tmp92 + tmp95 + tmp97;
tmp99 = (tmp17)^(2);
tmp100 = -2*tmp99;
tmp101 = (tmp20)^(2);
tmp102 = -2*tmp101;
tmp103 = tmp18*tmp17;
tmp104 = tmp18*tmp20;
tmp105 = tmp18*tmp0;
tmp106 = -(tmp17*tmp2);
tmp107 = -(tmp20*tmp1);
tmp108 = -(tmp19*tmp3);
tmp109 = tmp105 + tmp106 + tmp107 + tmp108;
tmp110 = (tmp21)^(2);
tmp111 = (tmp24)^(2);
tmp112 = (tmp25)^(2);
tmp113 = (tmp22)^(2);
tmp114 = tmp110 + tmp111 + tmp112 + tmp113;
tmp115 = 1/tmp114;
tmp116 = -(tmp19*tmp0);
tmp117 = -(tmp20*tmp2);
tmp118 = tmp17*tmp1;
tmp119 = -(tmp18*tmp3);
tmp120 = tmp116 + tmp117 + tmp118 + tmp119;
tmp121 = -(tmp17*tmp0);
tmp122 = -(tmp18*tmp2);
tmp123 = -(tmp19*tmp1);
tmp124 = tmp20*tmp3;
tmp125 = tmp121 + tmp122 + tmp123 + tmp124;
tmp126 = -(tmp20*tmp0);
tmp127 = tmp19*tmp2;
tmp128 = -(tmp18*tmp1);
tmp129 = -(tmp17*tmp3);
tmp130 = tmp126 + tmp127 + tmp128 + tmp129;
tmp131 = tmp24*tmp0;
tmp132 = -(tmp21*tmp2);
tmp133 = tmp22*tmp1;
tmp134 = -(tmp25*tmp3);
tmp135 = tmp131 + tmp132 + tmp133 + tmp134;
tmp136 = tmp130*tmp125;
tmp137 = -(tmp22*tmp0);
tmp138 = -(tmp25*tmp2);
tmp139 = tmp24*tmp1;
tmp140 = tmp21*tmp3;
tmp141 = tmp137 + tmp138 + tmp139 + tmp140;
tmp142 = tmp25*tmp0;
tmp143 = -(tmp22*tmp2);
tmp144 = -(tmp21*tmp1);
tmp145 = tmp24*tmp3;
tmp146 = tmp142 + tmp143 + tmp144 + tmp145;
tmp147 = (tmp120)^(2);
tmp148 = -tmp147;
tmp149 = (tmp130)^(2);
tmp150 = (tmp125)^(2);
tmp151 = (tmp109)^(2);
tmp152 = tmp120*tmp125;
tmp153 = tmp120*tmp130;
tmp154 = -tmp149;
tmp155 = -tmp150;
tmp156 = tmp17*tmp19;
tmp157 = (Dt12)^(2);
tmp158 = Dt01 + Dt12;
tmp159 = x0(4);
tmp160 = x0(7);
tmp161 = x0(5);
tmp162 = x0(6);
tmp163 = -tmp36;
tmp164 = x0(3);
tmp165 = (Dt01)^(2);
tmp166 = tmp165*tmp6;
tmp167 = tmp164 + tmp77;
tmp168 = tmp157*tmp167;
tmp169 = tmp6 + tmp77 + tmp23;
tmp170 = Dt01*Dt12*tmp169;
tmp171 = tmp166 + tmp168 + tmp170;
tmp172 = x0(1);
tmp173 = x0(2);
tmp174 = tmp173 + tmp163;
tmp175 = tmp165*tmp7;
tmp176 = tmp157*tmp174;
tmp177 = tmp7 + tmp163 + tmp29;
tmp178 = Dt01*Dt12*tmp177;
tmp179 = tmp175 + tmp176 + tmp178;
tmp180 = tmp165*tmp4;
tmp181 = tmp172 + tmp74;
tmp182 = tmp157*tmp181;
tmp183 = tmp4 + tmp74 + tmp26;
tmp184 = Dt01*Dt12*tmp183;
tmp185 = tmp180 + tmp182 + tmp184;
tmp186 = tmp18*tmp19;
tmp187 = tmp83 + tmp186;
tmp188 = 1/Dt01;
tmp189 = (Dt12)^(-2);
tmp190 = 1/tmp158;
tmp191 = tmp20*tmp19;
tmp192 = tmp103 + tmp191;
tmp193 = -(tmp157*tmp164);
tmp194 = Dt01*Dt12*tmp34;
tmp195 = tmp157*tmp34;
tmp196 = -2*tmp157*tmp7*tmp161*tmp21;
tmp197 = 2*tmp157*tmp4*tmp162*tmp21;
tmp198 = 2*tmp157*tmp7*tmp159*tmp24;
tmp199 = -2*tmp157*tmp4*tmp160*tmp24;
tmp200 = 2*Dt01*tmp158*tmp6*tmp111;
tmp201 = -2*tmp157*tmp4*tmp159*tmp25;
tmp202 = -2*tmp157*tmp7*tmp160*tmp25;
tmp203 = 2*Dt01*tmp158*tmp6*tmp112;
tmp204 = 2*tmp157*tmp4*tmp161*tmp22;
tmp205 = 2*tmp157*tmp7*tmp162*tmp22;
tmp206 = -2*Dt01*tmp158*tmp4*tmp24*tmp22;
tmp207 = -2*Dt01*tmp158*tmp7*tmp25*tmp22;
tmp208 = -(Dt01*Dt12*tmp23);
tmp209 = 2*Dt01*Dt12*tmp7*tmp24*tmp0;
tmp210 = -2*Dt01*Dt12*tmp4*tmp25*tmp0;
tmp211 = -2*Dt01*Dt12*tmp7*tmp21*tmp2;
tmp212 = -2*Dt01*Dt12*tmp4*tmp22*tmp2;
tmp213 = 4*tmp157*tmp4*tmp160*tmp21*tmp0*tmp2;
tmp214 = 4*tmp157*tmp4*tmp162*tmp24*tmp0*tmp2;
tmp215 = -4*Dt01*tmp158*tmp6*tmp21*tmp24*tmp0*tmp2;
tmp216 = -4*tmp157*tmp4*tmp161*tmp25*tmp0*tmp2;
tmp217 = 2*Dt01*tmp158*tmp4*tmp24*tmp25*tmp0*tmp2;
tmp218 = 2*Dt01*tmp158*tmp7*tmp112*tmp0*tmp2;
tmp219 = -4*tmp157*tmp4*tmp159*tmp22*tmp0*tmp2;
tmp220 = 2*Dt01*tmp158*tmp4*tmp21*tmp22*tmp0*tmp2;
tmp221 = 4*Dt01*tmp158*tmp6*tmp25*tmp22*tmp0*tmp2;
tmp222 = -2*Dt01*tmp158*tmp7*tmp113*tmp0*tmp2;
tmp223 = Dt12*tmp174;
tmp224 = tmp163 + tmp29;
tmp225 = Dt01*tmp224;
tmp226 = tmp223 + tmp225;
tmp227 = 2*Dt12*tmp226*tmp0*tmp2;
tmp228 = -4*tmp157*tmp4*tmp162*tmp21*tmp9;
tmp229 = 4*tmp157*tmp4*tmp160*tmp24*tmp9;
tmp230 = -4*Dt01*tmp158*tmp6*tmp111*tmp9;
tmp231 = 4*tmp157*tmp4*tmp159*tmp25*tmp9;
tmp232 = -2*Dt01*tmp158*tmp4*tmp21*tmp25*tmp9;
tmp233 = -4*Dt01*tmp158*tmp6*tmp112*tmp9;
tmp234 = -4*tmp157*tmp4*tmp161*tmp22*tmp9;
tmp235 = 2*Dt01*tmp158*tmp4*tmp24*tmp22*tmp9;
tmp236 = 4*Dt01*tmp158*tmp7*tmp25*tmp22*tmp9;
tmp237 = 2*tmp171*tmp9;
tmp238 = 2*Dt01*Dt12*tmp4*tmp21*tmp1;
tmp239 = -2*Dt01*Dt12*tmp7*tmp22*tmp1;
tmp240 = 4*tmp157*tmp7*tmp160*tmp21*tmp0*tmp1;
tmp241 = 4*tmp157*tmp7*tmp162*tmp24*tmp0*tmp1;
tmp242 = -2*Dt01*tmp158*tmp4*tmp111*tmp0*tmp1;
tmp243 = -4*tmp157*tmp7*tmp161*tmp25*tmp0*tmp1;
tmp244 = -4*Dt01*tmp158*tmp6*tmp21*tmp25*tmp0*tmp1;
tmp245 = -2*Dt01*tmp158*tmp7*tmp24*tmp25*tmp0*tmp1;
tmp246 = -4*tmp157*tmp7*tmp159*tmp22*tmp0*tmp1;
tmp247 = 2*Dt01*tmp158*tmp7*tmp21*tmp22*tmp0*tmp1;
tmp248 = -4*Dt01*tmp158*tmp6*tmp24*tmp22*tmp0*tmp1;
tmp249 = 2*Dt01*tmp158*tmp4*tmp113*tmp0*tmp1;
tmp250 = -tmp172;
tmp251 = tmp250 + tmp31;
tmp252 = Dt12*tmp251;
tmp253 = Dt01*tmp45;
tmp254 = tmp252 + tmp253;
tmp255 = 2*Dt12*tmp254*tmp0*tmp1;
tmp256 = 4*tmp157*tmp4*tmp161*tmp21*tmp2*tmp1;
tmp257 = -4*tmp157*tmp7*tmp162*tmp21*tmp2*tmp1;
tmp258 = -4*tmp157*tmp4*tmp159*tmp24*tmp2*tmp1;
tmp259 = 4*tmp157*tmp7*tmp160*tmp24*tmp2*tmp1;
tmp260 = 2*Dt01*tmp158*tmp4*tmp21*tmp24*tmp2*tmp1;
tmp261 = 4*tmp157*tmp7*tmp159*tmp25*tmp2*tmp1;
tmp262 = 4*tmp157*tmp4*tmp160*tmp25*tmp2*tmp1;
tmp263 = -2*Dt01*tmp158*tmp7*tmp21*tmp25*tmp2*tmp1;
tmp264 = -4*tmp157*tmp7*tmp161*tmp22*tmp2*tmp1;
tmp265 = -4*tmp157*tmp4*tmp162*tmp22*tmp2*tmp1;
tmp266 = -2*Dt01*tmp158*tmp7*tmp24*tmp22*tmp2*tmp1;
tmp267 = -2*Dt01*tmp158*tmp4*tmp25*tmp22*tmp2*tmp1;
tmp268 = 4*tmp157*tmp7*tmp161*tmp21*tmp10;
tmp269 = -4*tmp157*tmp7*tmp159*tmp24*tmp10;
tmp270 = 2*Dt01*tmp158*tmp7*tmp21*tmp24*tmp10;
tmp271 = -4*Dt01*tmp158*tmp6*tmp111*tmp10;
tmp272 = 4*tmp157*tmp7*tmp160*tmp25*tmp10;
tmp273 = -4*Dt01*tmp158*tmp6*tmp112*tmp10;
tmp274 = -4*tmp157*tmp7*tmp162*tmp22*tmp10;
